Fox fitness
Max;Avg;Min
8.880977;1.233019;0.9230363
2.974751;1.029028;0.9658372
4.139477;1.096626;0.9338547
8.881894;1.48814;0.8345178
2.082702;1.016334;0.9675144
2.976069;1.054285;0.9631098
8.859172;1.565699;0.9563853
5.060421;1.195897;0.9208369
7.071946;1.754839;0.9517663
4.562414;1.172358;0.9666389
5.972567;1.255772;0.9622998
5.555314;1.516275;0.9459738
4.166156;1.245921;0.9347625
2.284214;1.058018;0.9641377
3.667807;1.245694;0.9671416
5.966915;1.53598;0.9165099
7.354134;1.681422;0.9407668
3.275912;1.086777;0.967058
5.776267;1.773031;0.9608696
6.32969;1.830487;0.9625877
10.21732;2.242171;0.9294479
9.359896;2.466116;0.9140162
9.022663;2.391133;0.9524106
11.16257;3.859193;0.9283964
7.654557;2.25709;0.956618
11.21199;2.711427;0.9676986
6.328477;1.539134;0.9653091
9.919527;1.618389;0.9621433
12.07704;3.311549;0.9658633
10.4098;2.154007;0.961674
11.01522;2.42996;0.9628156
12.30002;3.2194;0.9558898
11.60432;4.703856;0.9448289
12.24371;6.229559;0.9342518
11.89977;3.556897;0.9654617
11.49834;3.156172;0.9573129
11.82215;4.51165;0.9586
12.39831;5.019708;0.96613
13.13504;5.772038;0.9338313
12.79752;5.279948;0.9371191
11.99648;5.109205;0.9667311
12.61925;5.467011;0.9677738
11.93907;6.443817;0.9563965
11.21234;4.641613;0.9651954
10.58952;4.391977;0.9628898
11.97512;4.226377;0.9585255
12.615;5.727458;0.9625265
12.11965;6.467436;0.966154
12.92558;7.459876;0.9131515
12.41392;6.275486;0.9588506
13.59283;6.638938;0.9380096
11.70178;5.080163;0.9581543
12.11764;5.425269;0.959176
12.32302;6.542831;0.9489852
12.37404;6.076581;0.9464966
11.89573;5.851079;0.9637918
12.1802;6.221553;0.9485814
12.6748;5.491657;0.9573159
12.50555;6.827731;0.9612139
12.58183;5.885214;0.9588783
11.82256;6.41995;0.9503016
12.30459;6.516735;0.9611868
12.30185;5.156768;0.9669306
12.1095;4.932985;0.9628326
12.90546;7.487846;0.9620795
12.51868;6.154493;0.9000165
13.57823;6.154147;0.9371219
12.30932;4.930249;0.9630387
11.72446;4.58215;0.9637787
12.52648;6.784883;0.950375
11.71996;6.329711;0.9287044
13.12959;8.184054;0.9342389
12.90661;7.381513;0.9489702
12.5253;7.052067;0.9509487
12.5177;7.278871;0.9342376
13.33763;7.466854;0.8733363
11.49276;5.598312;0.9644328
11.20592;4.546243;0.9633316
12.03286;6.497099;0.9640542
12.70716;6.202816;0.963162
13.11406;7.608803;0.9089419
12.97709;7.075167;0.9656485
12.20835;6.508951;0.9658228
13.00868;7.952466;0.9354485
13.09495;7.228771;0.9605311
13.34192;7.771233;0.8955764
12.90737;6.839626;0.9596581
12.62862;7.099187;0.9627275
13.05651;6.99813;0.962764
12.47782;5.568032;0.9650763
12.70968;6.929807;0.9651524
12.01645;5.303392;0.9653027
12.92004;6.404909;0.9359792
11.52719;3.268339;0.9655405
12.30259;6.464134;0.9613805
12.6926;6.619781;0.9661
13.52574;8.030379;0.9098189
13.86059;8.650683;0.8755658
13.20625;7.484961;0.9439699
12.79656;6.771007;0.937156
13.96993;8.141906;0.9038829
11.81916;5.45704;0.9666062
12.81682;6.696634;0.9651177
13.64244;8.564956;0.8935401
13.19885;6.956034;0.9640403
13.65523;8.444736;0.924222
13.2931;7.820986;0.9607095
12.41557;6.312314;0.9612586
14.06062;9.058127;0.8585161
12.96954;7.09515;0.9163867
12.98464;7.429354;0.9399347
12.19323;7.033811;0.8959007
11.93415;2.816309;0.9676321
11.51679;4.552537;0.9610506
12.69294;5.146663;0.9626758
13.27388;6.735818;0.9647341
12.93856;6.339262;0.8894613
12.89338;6.703938;0.9532673
12.31072;6.43534;0.9590147
13.21668;7.049744;0.9462858
11.40119;5.835184;0.9625881
12.59612;6.909121;0.9632679
12.31349;5.52364;0.9606455
12.94068;7.122981;0.8866272
12.30454;6.193541;0.9606483
12.59949;5.636143;0.967552
12.58911;5.469002;0.9634796
13.43528;7.125856;0.889314
13.39766;6.778284;0.9594086
11.79854;5.581659;0.9632591
12.82907;3.680678;0.9677399
13.03435;7.03314;0.9182813
13.45285;8.619916;0.9420563
12.93519;7.68125;0.9525673
13.08662;6.570271;0.9390386
13.01123;7.415142;0.9583918
12.21864;5.850752;0.9666267
13.01765;7.387726;0.8850679
11.20631;6.128226;0.9625468
12.91056;7.156823;0.9653937
13.01445;7.381998;0.9486989
12.72158;7.53236;0.9643901
11.0047;3.556677;0.9656445
12.78994;6.873657;0.9518467
12.91578;6.888018;0.8886948
12.90894;6.20147;0.9592948
12.6966;7.268559;0.9621841
12.69741;7.214269;0.9638348
12.79561;7.071657;0.962119
13.68177;7.050367;0.9628001
12.88076;7.048419;0.9516025
12.83083;7.204315;0.9310316
12.92658;5.057596;0.9646015
12.21432;5.028626;0.9629684
12.90922;6.586157;0.9655369
13.07545;6.953216;0.9217478
12.79736;6.958469;0.9231957
11.81022;5.031314;0.9599847
12.50934;6.999416;0.9407248
12.89414;7.331466;0.9386151
11.0042;3.767755;0.9587871
10.82115;4.38914;0.9673477
12.91661;5.405443;0.9187814
12.72481;6.256201;0.9623446
12.01848;5.461926;0.9605941
11.99186;4.931572;0.961006
12.32888;5.852012;0.9665537
12.6023;5.814816;0.9645053
13.40744;8.63745;0.9102307
14.0532;8.386559;0.9388155
11.92997;5.007719;0.9676344
11.62089;4.6003;0.9584604
12.90588;7.666772;0.9586308
12.71141;7.569203;0.9625443
12.92222;7.677833;0.9505674
12.99942;7.89936;0.9459792
12.30559;6.695578;0.9612582
12.92038;8.308201;0.9637696
12.90234;6.322966;0.965436
12.51037;6.879028;0.961309
12.737;6.779182;0.9096434
12.6152;6.327491;0.9650658
12.60549;6.952495;0.9605379
12.32577;5.168443;0.9655342
13.42428;7.407578;0.9268231
12.71105;6.040581;0.9629769
12.5171;7.52875;0.933211
13.27929;6.336103;0.9284761
11.79942;6.066065;0.9619839
13.20205;7.634535;0.9634737
13.13828;7.412;0.9400994
12.91266;6.679337;0.9412726
13.54703;8.833672;0.8717326
11.9176;5.448909;0.9596491
12.62385;6.225531;0.9670948
12.60453;6.798908;0.9587748
13.01933;6.97722;0.9252636
11.59035;5.731614;0.9631625
12.59256;6.492824;0.9661687
11.79515;6.041232;0.9578704
12.61877;6.912615;0.9289014
13.30166;7.155926;0.9499722
12.3127;6.230992;0.9649802
12.89795;6.716724;0.9106486
12.38919;6.570131;0.9589045
12.32746;5.569042;0.9461366
13.42245;7.757061;0.9163095
12.59292;5.799482;0.9504167
13.39325;5.68071;0.9653654
13.1966;7.804005;0.9641668
12.91576;6.596579;0.9460004
13.22025;5.044337;0.9244308
12.91807;6.520588;0.9632637
13.43877;8.277659;0.9361529
12.61684;6.120172;0.9500508
12.39272;6.850624;0.938017
12.8575;5.612013;0.9598135
12.51849;6.26556;0.9604765
11.90826;5.996658;0.934127
12.71545;7.750201;0.9621303
13.00332;7.39183;0.9623733
13.81843;8.175942;0.9164721
12.30642;6.993212;0.961247
12.92451;6.910213;0.9439555
12.21828;7.199561;0.9621873
11.6186;5.275544;0.9633832
12.92547;6.631463;0.9345803
12.61029;7.568196;0.9639775
13.3452;8.212717;0.9326797
12.98511;7.463136;0.959612
12.92683;7.901175;0.9661403
13.00202;6.644843;0.9467461
12.32833;7.548236;0.9672879
13.01116;7.862335;0.9638019
13.21899;8.212218;0.9543431
12.89238;7.906007;0.96597
12.9123;7.653904;0.9649459
13.01576;7.571616;0.9651799
12.8186;7.939331;0.9182738
12.31448;5.32707;0.9578148
12.89333;6.004132;0.923421
13.53817;8.566184;0.9327378
12.61617;8.103684;0.9660111
12.40262;7.711954;0.9038793
12.60343;7.658534;0.9570277
12.62267;7.182144;0.9660921
12.32238;6.421065;0.9652988
12.60428;6.695445;0.9578827
13.10607;7.556198;0.9417172
12.61896;6.91093;0.9657405
12.02577;4.705049;0.9666852
12.61937;7.510104;0.967367
12.68952;6.791024;0.9318959
12.38378;5.956215;0.9606751
12.63435;8.379217;0.9335097
12.9072;7.787463;0.9635795
13.22198;7.578935;0.9332391
11.50177;6.507272;0.9617112
12.90173;7.475624;0.9455617
12.52505;4.981752;0.9660138
12.71399;7.30202;0.9678643
14.06827;8.879182;0.8875735
13.34706;8.008003;0.9465536
13.86051;8.71314;0.8697833
13.0157;7.726415;0.9558878
13.00478;7.786311;0.9615583
11.92973;3.484636;0.96165
12.28968;4.946639;0.9585255
14.68513;9.062629;0.9003095
12.90606;7.22102;0.9176563
13.51834;7.734237;0.950516
11.62382;6.320173;0.9586754
12.20919;6.733822;0.9614339
12.81811;8.070224;0.9644061
12.3079;6.728593;0.964236
12.40209;7.619865;0.9643069
12.71121;7.452349;0.9639945
12.78555;6.313066;0.9618869
12.70305;8.021407;0.9567183
12.71697;7.565084;0.9585646
12.12705;5.948887;0.9679365
12.88353;6.440156;0.9463081
13.23522;8.828426;0.8955027
12.30735;6.700126;0.9654064
12.69626;6.107213;0.9632509
12.88877;8.07652;0.9601759
12.71779;7.012242;0.9478226
12.71779;2.945934;-1
